4.494 0.498 0.0174533
377.149 0
378.39 3.30216
378.644 6.60926
383.927 10.0535
388.864 13.5794
388.925 16.9808
393.034 20.598
397.326 24.3015
394.613 27.5941
397.148 31.2562
405.031 35.4356
407.262 39.2149
408.289 42.913
415.911 47.3869
416.253 51.1094
421.848 55.5375
426.839 59.9882
422.587 63.156
428.879 67.9279
432.476 72.3716
437.569 77.1552
442.716 82.0528
442.582 86.0292
453.073 92.1788
453.092 96.3078
453.273 100.488
460.34 106.278
464.553 111.529
472.249 117.745
474.027 122.592
482.999 129.419
481.255 133.464
492.628 141.259
496.767 147.149
501.024 153.179
507.231 159.93
511.957 166.345
511.766 171.234
520.481 179.216
522.481 185.02
518.791 188.825
508.411 190.087
501.008 192.319
500.399 197.113
502.054 202.843
497.342 206.006
488.182 207.221
481.167 209.217
481.856 214.536
479.172 218.371
477.857 222.828
464.894 221.743
468.068 228.292
463.604 231.144
455.171 231.921
453.663 236.162
453.554 241.159
445.72 242.006
440.187 244
441.733 249.92
437.432 252.552
430.207 253.411
426.73 256.405
426.153 261.147
107.081 66.9113
105.056 66.9282
104.673 69.2813
102.433 69.0922
100.291 70.2247
98.963 71.9009
98.3559 74.1165
96.8662 75.6802
93.9383 76.0697
92.3604 77.4996
90.8685 78.9908
89.4516 80.5426
88.5142 82.5409
85.8007 82.8568
84.9907 84.9907
82.7436 85.6834
81.7232 87.6374
79.9865 88.834
78.1432 89.8934
76.1934 90.8039
75.0471 92.6754
72.4523 92.7347
71.6791 95.1215
69.8753 96.1751
68.7403 98.1713
66.8454 99.1023
65.3915 100.694
63.051 100.902
61.5418 102.422
59.6427 103.305
58.0997 104.814
58.0828 106.976
55.8421 107.271
54.4263 109.161
53.0688 111.262
50.5943 111.019
50.4058 113.214
48.5328 114.336
46.8986 116.077
45.1297 117.568
42.5976 117.036
40.8817 118.728
39.3975 121.254
37.1549 121.528
36.6586 123.759
34.8618 125.708
32.956 127.429
31.4049 125.958
30.9713 129.006
28.6863 129.395
26.8027 131.737
24.5035 132.211
22.5633 134.833
20.2202 135.293
17.9855 136.617
17.1107 139.351
14.9254 142.011
12.3475 141.133
11.335 144.031
8.87948 145.179
7.70506 147.031
5.22456 149.613
2.61516 149.796
1.32663 152.022
-1.35002 154.75
-4.07217 155.488
-5.48801 157.169
-8.35081 159.331
-11.3557 162.392
-12.9248 164.217
-16.0069 166.237
-19.1839 168.379
-20.8454 169.771
-22.5533 171.304
-26.1343 174.868
-29.2777 174.959
-31.548 178.917
-33.3365 179.864
-35.3717 181.974
-38.932 183.157
-41.346 186.502
-43.7016 189.292
-47.6574 191.145
-49.6661 192.044
-52.4125 195.603
-56.9425 198.581
-59.9179 202.276
-62.0154 202.845
-64.6381 205.005
-67.0755 206.434
-69.2548 206.982
-72.6003 210.846
-76.2331 215.273
-78.3741 215.333
-81.1367 217.009
-85.3008 222.213
-87.5512 222.263
-89.0888 220.502
-90.5699 218.652
-91.9906 216.717
-93.796 215.715
-94.4184 212.065
-95.9613 210.569
-98.5937 211.434
-99.8417 209.32
-100.684 206.433
-103.031 206.647
-102.486 201.138
-105.235 202.155
-106.503 200.303
-107.945 198.807
-110.445 195.21
-110.782 191.879
-113.155 192.1
-115.069 187.774
-117.004 187.246
-118.085 185.355
-118.192 182.001
-120.604 182.213
-120.672 178.904
-121.773 177.183
-125.572 176.044
-126.386 173.957
-128.62 173.821
-128.858 171
-128.957 168.061
-132.469 169.553
-131.897 165.816
-135.189 163.997
-137.194 163.501
-137.179 160.617
-138.42 156.455
-141.782 157.466
-142.851 153.188
-143.227 150.931
-145.829 148.396
-148.421 148.422
-150.369 147.767
-148.881 143.772
-153.581 143.217
-152.864 140.073
-155.461 139.979
-154.474 136.668
-156.723 136.236
-159.343 133.705
-161.489 133.121
-161.791 131.017
-164.028 130.474
-166.552 127.801
-166.326 123.074
-168.866 120.451
-170.834 119.619
-174.463 117.677
-174.708 115.636
-173.845 112.897
-176.442 112.406
-179.016 111.861
-177.675 108.881
-182.201 107.324
-176.885 102.126
-167.65 94.8517
-160.221 88.8113
-153.856 83.5377
-147.232 78.2849
-141.082 73.4421
-135.4 68.9903
-129.868 64.75
-125.728 61.3212
-121.936 58.1612
-117.225 54.6632
-114.279 52.0793
-110.339 49.1265
-107.405 46.7011
-105.084 44.6052
-103.199 42.7469
-98.7701 39.9057
-94.5314 36.2876
-90.2008 32.8301
-88.726 31.4199
-87.0985 29.9904
-82.6248 26.8467
-81.0696 25.5611
-77.9185 23.0808
-76.2044 21.1331
-74.2145 19.886
-72.5973 18.1003
-70.3597 16.2438
-67.9918 14.4523
-65.898 13.4071
-63.5386 11.2036
-61.6746 9.76849
-59.6311 8.38038
-57.7683 6.58164
-56.2853 4.92411
-54.5886 3.81718
-52.6493 2.29869
-50.9781 0.889794
-48.7549 -0.425512
-47.4914 -2.07372
-45.7067 -3.59708
-43.9622 -4.6205
-42.4202 -5.96181
-40.5331 -7.14726
-39.0853 -8.66505
-37.6405 -10.0857
-35.4987 -11.1929
-34.175 -12.7777
-32.0338 -13.9289
-30.252 -15.4141
-28.9012 -17.0242
-27.091 -18.2729
-25.3926 -19.4844
-23.5506 -20.8356
-22.1161 -22.5056
-20.3007 -23.353
-18.7451 -24.8758
-17.1071 -26.3426
-15.3327 -27.6607
-13.9338 -29.2128
-12.2728 -30.3766
-10.5042 -31.3935
-8.76042 -32.6944
-7.32396 -34.4566
-5.63152 -35.5562
-3.88512 -36.9647
-2.02769 -38.6913
-0.347467 -39.8052
1.4408 -41.2537
2.98824 -42.7352
4.62072 -43.9626
6.85924 -45.8969
8.7095 -46.9919
10.3816 -48.8414
12.505 -50.1537
14.8027 -51.6233
16.353 -53.4891
18.4837 -55.2428
20.0211 -56.5374
22.1792 -57.7784
24.1075 -59.6683
25.955 -61.1471
27.8682 -62.5926
29.9575 -64.2442
32.4074 -66.4457
34.3368 -67.3893
35.8032 -68.778
38.8601 -71.571
40.4206 -72.9215
43.5619 -75.4511
46.6961 -77.7156
48.3822 -78.9522
52.4228 -82.2875
54.7506 -84.3081
57.2857 -86.5501
59.2162 -87.7918
62.3372 -90.7007
65.0105 -92.8454
67.7726 -95.0139
69.7639 -96.0212
73.6928 -99.5909
77.2014 -102.45
80.467 -104.866
84.9787 -108.769
88.7705 -111.6
94.039 -116.128
99.0216 -120.124
104.105 -124.068
108.843 -127.438
116.227 -133.705
123.926 -140.073
132.438 -147.087
140.634 -153.477
151.507 -162.472
163.103 -171.873
173.958 -180.141
189.556 -192.894
206.311 -206.31
207.728 -204.136
210.074 -202.867
213.468 -202.572
212.961 -198.591
213.874 -195.979
219.565 -197.696
219.763 -194.431
222.5 -193.417
221.895 -189.515
222.798 -186.951
226.544 -186.748
227.617 -184.32
228.602 -181.839
230.261 -179.9
232.855 -178.674
233.897 -176.256
232.979 -172.396
238.441 -173.236
239.56 -170.878
240.447 -168.362
240.118 -165.027
241.871 -163.145
244.329 -161.718
245.621 -159.507
249.876 -159.19
250.31 -156.411
252.155 -154.52
254.938 -153.183
255.56 -150.536
257.323 -148.564
256.868 -145.33
258.454 -143.263
260.064 -141.202
260.995 -138.775
263.684 -137.265
268.569 -136.841
267.291 -133.268
268.139 -130.78
272.536 -129.992
274.846 -128.164
271.757 -123.847
278.069 -123.803
277.55 -120.683
280.313 -118.986
282.971 -117.209
284.306 -114.868
284.547 -112.086
289.054 -110.956
287.236 -107.394
291.231 -105.999
292.961 -103.742
295.653 -101.802
298.311 -99.8134
297.137 -96.5444
300.245 -94.6678
299.047 -91.4276
301.088 -89.185
304.098 -87.1995
303.991 -84.3039
309.075 -82.8151
308.234 -79.7155
312.092 -77.813
312.488 -75.0203
316.845 -73.1502
321.322 -71.235
319.529 -67.9165
321.911 -65.4943
327.216 -63.604
325.981 -60.4155
327.487 -57.7456
331.933 -55.5461
329.455 -52.179
334.489 -49.9905
334.198 -46.9681
341.014 -44.8938
339.003 -41.6251
343.788 -39.1693
348.438 -36.6207
350.788 -33.7778
353.076 -30.8898
355.437 -27.9719
353.709 -24.7345
354.691 -21.6934
363.113 -19.0283
364.637 -15.9211
362.665 -12.6641
364.966 -9.55528
373.516 -6.5205
372.037 -3.24622
-1e+008 -1e+008
4.86 0.236 0.0174533
376.701 0
374.93 3.27196
381.731 9.99597
386.654 16.8817
392.778 20.5846
396.752 27.7436
405.888 31.9441
408.816 35.7668
409.543 39.4345
413.084 47.0649
414.675 50.9157
423.381 55.7393
431.733 64.523
429.605 68.0429
432.654 72.4013
436.439 76.956
447.967 83.026
453.483 92.2622
455.013 96.7162
459.523 101.874
462.555 106.789
466.323 111.954
473.584 118.078
475.85 123.063
480.829 128.838
489.852 135.848
494.577 141.818
498.489 147.659
505.984 154.695
510.54 165.884
522.627 174.869
516.042 177.688
513.943 181.997
507.346 184.659
502.098 187.726
499.26 191.648
491.373 193.557
491.727 198.671
482.349 199.796
476.961 202.458
480.257 208.822
474.028 211.051
465.555 212.166
464.131 216.428
461.331 220.044
457.41 223.094
452.317 230.467
447.806 233.113
447.619 238.003
437.042 237.294
438.192 242.894
428.839 242.625
426.45 246.211
428.939 252.664
422.153 253.655
422.395 258.844
49.2213 108.006
41.6246 114.362
16.9131 137.743
2.57042 147.234
-11.2641 161.083
-25.9679 173.754
-52.1772 194.725
-61.4005 200.834
-72.4307 210.353
-82.5462 220.779
-97.5027 213.951
-102.354 205.289
-109.257 197.106
-114.93 191.274
-117.686 192.045
-125.593 182.741
-136.734 168.854
-141.861 163.193
-147.706 152.954
-153.561 148.291
-153.93 146.076
-159.244 140.888
-162.008 138.369
-166.146 129.807
-170.179 128.239
-175.183 118.163
-181.119 106.687
-173.878 100.389
-165.186 93.4581
-160.774 89.1177
-152.356 82.7232
-146.959 78.1394
-142.239 74.0447
-136.937 69.7734
-101.297 39.9014
-89.7334 30.0241
75.9772 -108.508
99.8942 -127.86
106.061 -133.337
111.294 -137.436
118.454 -143.698
152.107 -171.926
162.647 -180.637
176.294 -192.392
188.54 -202.185
202.895 -210.106
207.703 -204.11
207.881 -200.749
209.425 -198.736
211.38 -193.694
216.174 -187.918
218.155 -186.321
228.792 -178.752
228.921 -172.506
230.313 -170.423
237.52 -169.423
239.915 -161.826
241.197 -156.634
244.58 -152.831
247.616 -151.738
257.657 -139.895
262.456 -139.551
264.195 -131.724
267.469 -130.453
269.979 -123.036
273.049 -121.568
274.674 -119.433
275.312 -116.863
278.486 -115.352
297.504 -96.6637
308.457 -82.6495
308.001 -76.793
311.865 -72.0006
316.028 -67.1724
324.413 -60.125
325.877 -57.4617
337.938 -47.4937
341.46 -44.9525
339.467 -41.682
342.745 -39.0504
350.835 -30.6937
355.621 -27.9864
360.339 -18.8829
365.671 -15.9663
364.319 -9.53834
-1e+008 -1e+008
5.358 -0.22 0.0174533
379.001 6.61549
394.656 17.231
395.415 24.1846
397.049 27.7644
401.216 31.5764
405.152 35.4463
416.885 51.1871
428.622 60.2387
431.069 64.4238
440.22 73.6674
456.034 88.6438
458.926 93.3696
461.774 98.1533
465.963 103.301
468.202 108.093
481.034 119.935
482.23 124.713
494.552 132.515
490.563 136.045
500.668 143.564
500.921 148.379
512.062 156.553
512.347 166.471
504.888 168.933
500.998 172.508
500.738 177.32
501.503 182.532
493.426 184.484
490.527 188.296
484.703 195.833
474.323 196.471
471.752 200.247
467.678 203.352
453.864 221.364
446.568 222.65
448.361 228.451
437.427 232.584
432.45 239.711
428.527 242.449
423.025 244.234
423.055 249.198
418.382 251.389
410.162 251.348
413.711 258.515
94.1914 68.4341
66.7871 91.9246
53.8395 103.425
-20.2241 164.711
-58.7222 198.24
-76.4494 215.883
-96.1774 221.192
-109.213 201.142
-130.302 176.094
-135.154 176.138
-144.85 163.722
-176.328 128.111
-178.765 125.172
-186.098 114.042
-181.371 106.835
-120.52 54.9237
29.5439 -75.0025
37.3324 -81.9194
76.4626 -115.524
87.6838 -125.227
114.924 -149.771
121.354 -155.327
126.845 -159.467
152.502 -181.745
164.057 -192.085
187.124 -211.506
200.168 -200.167
206.268 -199.191
207.584 -196.989
236.429 -165.549
235.718 -158.995
244.913 -156.028
245.417 -153.354
248.193 -149.131
256.337 -142.09
260.561 -129.912
272.69 -121.408
275.638 -114.172
276.14 -111.569
292.938 -95.1801
293.342 -92.4913
297.44 -90.9365
304.582 -81.6111
312.196 -77.8388
315.82 -72.9137
318.859 -70.6891
326.985 -57.657
340.059 -38.7444
345.863 -33.3036
349.148 -30.5461
357.836 -25.0231
376.95 -3.28908
-1e+008 -1e+008
4.508 0.42 0.0174533
386.02 10.1083
402.173 31.6517
415.702 43.6922
435.767 61.243
432.319 64.6105
438.31 69.4217
440.969 73.7928
446.442 78.7198
448.375 83.1016
457.484 93.0762
470.508 104.309
476.32 114.354
482.977 120.42
508.362 145.771
510.159 151.116
506.921 159.832
507.237 164.811
501.702 167.867
488.847 173.11
480.654 179.709
480.363 189.22
465.33 197.521
456.722 203.346
455.993 212.633
453.226 216.178
433.85 225.848
425.28 235.737
425.668 240.831
412.301 242.864
409.724 246.187
410.956 251.834
405.911 253.641
-92.1947 228.189
-141.297 168.39
-148.917 162.515
-152.454 160.654
-153.958 153.96
-169.022 136.872
-179.907 125.972
-186.086 123.167
-161.421 89.4765
-138.945 69.2754
-130.659 62.3217
-113.547 47.0333
-104.654 39.1287
52.0734 -102.199
74.8383 -122.124
89.0467 -134.536
98.9498 -143.972
121.73 -164.511
134.086 -174.743
142.399 -182.264
153.002 -192.35
162.079 -200.15
174.176 -211.295
203.713 -189.967
226.316 -167.465
236.133 -159.275
234.408 -155.151
240.156 -155.958
271.334 -115.174
276.136 -114.378
279.425 -112.896
276.998 -109.112
314.442 -66.8354
322.664 -56.8952
325.914 -54.539
335.758 -47.1874
368.053 -6.42513
-1e+008 -1e+008
5.238 -0.224 0.0174533
380.228 0
404.662 31.8476
415.051 36.3122
414.033 39.8668
418.712 47.706
425.486 52.2431
446.95 70.79
464.267 90.2443
476.732 110.062
495.025 128.022
510.015 141.44
511.917 146.79
506.344 149.986
497.839 156.968
484.257 171.484
481.543 175.267
475.23 177.681
466.542 188.495
463.38 191.938
455.627 202.858
445.314 202.941
442.38 206.285
438.544 213.892
430.281 219.239
428.964 223.305
429.838 228.549
419.35 227.689
413.75 238.879
406.417 244.2
406.726 249.242
402.496 251.507
395.342 251.861
4.84883 138.853
-33.8371 174.079
-88.7859 225.398
-97.966 220.032
-110.088 211.479
-130.841 186.861
-130.966 183.606
-175.822 137.367
-179.267 135.088
-185.586 111.512
-177.386 104.488
48.1491 -105.655
98.4188 -151.551
103.891 -156.964
160.163 -208.728
203.883 -186.824
209.704 -182.293
280.521 -107.681
283.295 -105.921
290.224 -97.1074
293.327 -95.3065
301.92 -78.0825
311.188 -74.7082
314.333 -72.5702
313.126 -66.5556
322.121 -56.7993
326.044 -54.5608
326.998 -51.79
344.626 -39.2648
349.896 -30.6116
352.641 -27.7518
360.238 -22.0327
-1e+008 -1e+008
4.534 0.526 0.0174533
402.133 21.0749
426.109 44.786
426.004 52.3067
437.375 57.5816
445.277 66.5471
485.315 112.044
502.31 125.24
501.085 143.684
483.15 156.985
482.554 166.157
477.827 173.915
464.233 182.866
455.438 184.009
414.621 225.121
412.96 228.907
412.057 233.13
402.521 241.859
395.071 242.1
398.4 248.947
388.922 247.77
387.153 251.42
-39.6913 179.038
-64.6126 204.924
-103.142 216.238
-120.454 204.492
-128.966 194.848
-171.053 151.335
-196.113 124.938
-171.493 99.0127
108.941 -171.003
115.07 -177.192
149.999 -210.292
166.507 -225.024
191.315 -194.684
206.802 -182.965
206.743 -176.574
233.084 -151.365
237.763 -145.7
249.033 -132.414
318.72 -64.8452
329.686 -49.2727
335.124 -47.0982
336.205 -41.2816
341.511 -38.9098
362.04 -18.9721
370.085 -9.68931
-1e+008 -1e+008
5.372 -0.156 0.0174533
392.366 10.2744
394.415 13.7733
398.529 17.4002
416.806 32.8033
422.185 40.6518
439.337 61.7447
460.361 77.0378
462.816 85.7781
500.696 129.489
463.287 177.839
458.895 180.764
414.01 215.52
404.478 224.206
397.453 234.118
393.217 240.964
393.202 245.7
387.29 251.509
382.959 253.475
-118.524 209.49
-136.777 191.753
-153.288 170.245
7.4254e-005 -72.8255
45.0793 -117.435
126.261 -198.191
206.407 -176.287
247.292 -137.076
244.88 -132.958
251.789 -128.292
260.858 -124.421
324.559 -60.152
-1e+008 -1e+008
4.776 0.258 0.0174533
439.15 57.8153
484.645 98.6023
482.997 138.497
467.346 156.372
464.457 164.473
429.653 200.351
406.383 225.262
399.325 225.927
394.967 232.653
394.104 236.802
384.112 240.019
379.89 242.016
377.998 245.475
379.433 251.141
371.056 250.28
22.3041 114.744
-76.7652 216.775
-98.3848 231.781
-103.771 227.705
-200.045 127.443
1.39368 -79.8545
124.073 -206.493
163.438 -209.192
177.185 -200.272
212.113 -168.723
227.195 -147.541
245.304 -130.431
269.841 -106.293
286.367 -95.8169
320.992 -56.6003
337.563 -41.4483
350.441 -33.7444
348.411 -30.4816
356.232 -28.0344
355.496 -24.8595
-1e+008 -1e+008
4.738 0.24 0.0174533
445.006 58.5863
488.586 99.4039
490.123 126.755
469.354 143.496
440.243 173.416
427.941 195.024
401.101 213.269
396.919 224.566
389.127 233.811
384.929 235.885
379.619 241.844
370.92 245.506
371.982 250.905
367.108 252.306
-117.698 216.771
-122.645 212.425
-130.396 204.68
-141.333 194.53
-144.514 191.776
-166.144 172.048
-186.006 153.331
-153.609 78.2685
141.735 -226.825
159.386 -207.715
247.07 -125.888
257.77 -117.473
264.211 -109.439
268.332 -105.698
332.42 -49.6813
334.4 -44.0231
-1e+008 -1e+008
5.33 -0.28 0.0174533
479.135 80.1795
488.717 117.33
449.525 154.784
446.789 158.216
410.296 204.566
396.673 219.879
385.988 222.851
375.375 234.56
375.308 239.097
370.072 249.616
367.32 252.453
362.562 253.869
357.558 255.044
1.65995 -95.1107
33.4886 -129.492
88.9761 -190.811
170.911 -193.181
184.031 -180.849
195.727 -170.143
263.809 -114.708
293.545 -81.407
327.464 -51.8638
369.131 -12.8899
-1e+008 -1e+008
4.44 0.738 0.0174533
406.678 17.7559
415.706 25.4257
462.294 64.971
461.97 136.842
430.582 160.988
427.847 168.533
427.102 176.911
413.755 179.905
404.037 197.062
374.306 233.892
368.797 239.5
359.559 242.526
353.937 247.829
353.057 251.833
349.002 253.565
350.469 259.333
-54.8777 191.38
-137.769 204.25
-163.802 181.922
-165.775 180.913
-199.033 152.724
124.244 -228.828
152.226 -205.724
167.792 -193.024
190.538 -171.56
206.346 -158.334
228.777 -137.464
259.914 -115.72
259.6 -112.878
261.051 -110.809
264.227 -106.755
272.778 -99.2828
301.332 -75.1303
310.68 -71.7269
318.029 -61.8182
324.69 -54.3342
353.026 -30.8853
-1e+008 -1e+008
5.124 -0.08 0.0174533
403.669 7.04606
405.664 10.6227
447.244 43.0647
479.648 75.969
488.306 90.5024
476.493 96.9437
443.976 144.256
429.185 160.466
408.752 181.988
399.306 190.459
364.654 236.809
358.926 242.099
356.59 249.687
354.733 253.029
352.18 255.874
343.27 254.007
340.551 256.624
341.172 261.79
-114.175 228.999
-131.432 214.475
-163.433 188.008
-189.714 164.915
51.5791 -168.711
62.8585 -182.555
65.6171 -185.296
122.258 -225.17
176.694 -179.806
186.679 -171.06
236.643 -128.486
285.666 -87.3365
302.846 -72.7055
349.598 -33.6632
-1e+008 -1e+008
4.932 0.222 0.0174533
424.23 22.233
473.049 62.2782
481.215 89.1881
469.735 91.3072
431.996 144.544
415.576 159.525
386.51 201.205
373.68 215.744
369.356 217.567
361.564 230.341
362.495 235.407
353.725 238.59
351.898 246.401
344.911 250.592
346.25 256.212
340.925 261.6
336.332 262.771
332.607 264.568
328.485 266.002
49.4416 61.0553
-106.244 238.625
-137.973 212.462
-158.75 196.042
-160.519 194.725
-199.391 161.465
-184.543 110.885
46.3116 -172.836
114.998 -225.694
164.915 -186.402
176.588 -176.587
280.933 -91.2794
351.156 -33.8132
373.074 -16.2895
376.434 -13.1449
-1e+008 -1e+008
5.216 -0.266 0.0174533
460.141 48.3629
475.851 62.6471
470.949 87.2854
467.953 90.9608
458.489 93.2807
457.582 101.443
448.001 107.555
377.051 209.003
369.498 209.052
362.263 217.669
359.976 220.594
361.868 226.12
354.406 225.781
356.59 236.021
345.289 241.774
337.717 254.488
337.301 258.82
335.676 262.259
332.472 264.46
153.181 124.043
96.065 79.1898
70.2928 58.9827
-181.434 181.436
-67.4912 -38.966
-21.6691 -97.7418
107.779 -231.134
133.862 -206.129
198.553 -155.127
259.42 -112.8
297.107 -79.6082
345.303 -45.4584
356.656 -34.3429
-1e+008 -1e+008
5.08 0.004 0.0174533
419.674 14.6554
475.586 58.3946
456.355 97.0014
430.611 123.476
420.122 144.66
389.243 173.302
378.443 192.827
372.998 206.756
367.308 207.813
361.752 208.858
355.616 226.552
345.041 232.733
347.079 238.541
345.308 241.787
338.604 246.011
332.387 250.472
315.286 246.329
195.799 155.746
144.528 117.037
113.282 93.3826
78.5492 67.0873
59.6608 52.7835
53.1002 47.8116
-12.598 130.835
-53.5976 -63.8755
-16.7706 -112.218
-6.6129 -126.184
0.0001368 -134.168
77.5179 -238.574
161.69 -186.004
318.502 -61.9102
330.242 -58.2314
374.952 -19.6487
-1e+008 -1e+008
4.77 0.412 0.0174533
449.399 31.425
435.112 112.528
375.839 191.5
357.723 219.213
349.765 222.825
347.688 225.791
340.296 233.879
337.15 236.075
298.238 228.846
217.426 169.872
169.429 134.77
138.107 111.836
117.984 97.2589
101.736 85.3667
79.4853 69.0955
71.8054 63.5281
65.582 59.0502
59.6471 54.6565
-104.917 247.17
-119.984 235.478
-123.783 232.801
-203.723 173.998
-217.815 164.136
-182.986 105.648
-161.582 77.0716
90.6237 -230.065
182.061 -166.828
201.201 -148.881
209.506 -143.988
300.051 -80.397
307.571 -71.0093
310.831 -68.9093
320.746 -62.3464
-1e+008 -1e+008
4.978 0.142 0.0174533
438.797 15.3231
437.149 19.0863
422.17 117.078
413.542 118.582
382.355 166.252
377.481 176.022
369.106 184.029
341.251 234.535
329.187 239.169
329.544 243.85
289.391 218.072
226.602 173.878
184.854 144.424
156.45 124.446
120.044 98.9566
87.8006 76.3239
79.7188 70.5293
73.6154 66.2835
48.3913 48.3913
46.4473 47.2651
-115.297 241.722
-123.124 236.52
-128.165 231.216
-140.304 224.535
-149.629 217.714
-155.375 213.858
-197.026 183.73
-75.5869 -47.2322
-46.9764 -88.3505
8.77876 -167.505
75.0519 -238.035
92.6623 -223.705
178.56 -163.62
239.051 -124.442
297.289 -79.6571
309.613 -71.4805
325.846 -60.3906
332.656 -55.6673
348.947 -42.8461
369.53 -29.081
375.706 -26.2727
382.324 -20.035
-1e+008 -1e+008
5.124 -0.018 0.0174533
426.869 7.45103
432.666 80.19
429.98 95.3243
375.519 175.107
370.085 184.517
353.735 200.134
338.365 223.959
338.135 228.075
284.647 210.628
234.436 176.66
198.594 152.386
172.428 134.715
149.329 118.782
120.968 99.718
100.51 85.844
91.7017 79.7151
79.3174 71.4176
74.0543 67.8583
60.8897 58.8005
49.541 51.3012
-94.7316 240.492
-113.535 243.476
-162.598 211.904
-180.314 200.261
-186.123 196.135
-191.078 191.079
-151.811 56.7599
-127.053 21.261
-113.877 1.98765
-11.7742 -149.606
9.46349 -180.57
118.947 -201.935
187.419 -154.496
-1e+008 -1e+008
4.948 0.048 0.0174533
439.873 11.5185
411.005 106.293
392.667 127.585
365.612 182.287
359.113 182.977
360.677 187.757
278.371 202.248
239.512 177.229
204.825 154.347
181.785 139.488
144.579 115.003
121.359 100.04
110.515 92.7331
102.364 87.4267
95.036 82.6136
84.0282 75.6592
-101.419 251.019
-194.741 194.743
-217.818 179.554
-220.207 178.321
-199.089 126.834
-184.1 104.159
-147.354 47.8787
-109.274 -10.5223
-100.907 -23.2966
-96.3777 -30.3883
-92.0217 -37.1797
-71.2331 -68.7893
26.9608 -219.582
46.1996 -249.269
154.291 -174.394
311.303 -71.8708
367.561 -35.3929
-1e+008 -1e+008
5.016 0.028 0.0174533
440.431 7.68775
397.456 113.969
347.548 196.633
333.445 220.702
329.295 226.319
241.962 175.796
210.761 155.955
190.361 143.447
169.312 129.918
154.059 120.364
120.803 99.5825
0.777362 89.0801
-120.155 246.356
-172.688 213.254
-198.701 124.162
-153.035 52.6942
-141.32 33.9285
-133.864 22.4006
-91.7219 -44.7359
-90.3296 -47.0228
-87.4311 -51.5011
-52.3927 -107.42
-46.8936 -116.067
-20.7559 -157.658
12.9841 -212.273
38.7906 -244.912
202.691 -141.926
216.782 -132.843
399.904 -20.9563
413.085 -14.4247
-1e+008 -1e+008
4.922 0.19 0.0174533
451.14 7.87469
411.188 72.5035
368.233 145.051
329.765 210.084
328.552 217.464
329.587 222.309
314.506 216.154
277.018 193.97
242.295 172.828
214.704 155.992
160.449 123.117
148.501 116.022
129.19 104.616
119.603 98.5934
112.83 94.6756
98.8345 85.9155
85.3863 78.2421
-49.1107 165.792
-63.4199 189.543
-149.804 230.68
-156.175 227.239
-200.358 200.36
-202.462 198.96
-220.808 160.428
-193.868 116.488
-182.435 97.0028
-173.573 82.7909
-63.038 -100.881
-6.75624 -193.46
198.177 -143.983
206.009 -138.956
212.623 -135.457
286.432 -90.3126
311.58 -74.8023
406.434 -17.7461
414.873 -14.4872
-1e+008 -1e+008
4.906 0.228 0.0174533
450.391 3.9305
442.199 11.5794
420.018 55.2965
334.854 201.201
311.329 209.994
269.342 185.114
244.163 170.965
217.997 155.496
183.127 135.507
166.646 125.577
120.328 99.1907
105.864 90.4161
-140.735 238.922
-196.195 206.749
-225.232 166.662
-218.11 155.577
-156.854 50.9655
-140.032 22.1794
-129.771 4.53119
-119.298 -13.5924
-90.3884 -63.2909
-80.7757 -80.7756
-72.0942 -95.6727
12.621 -240.818
50.7283 -228.815
57.9218 -223.968
121.658 -187.336
124.893 -185.162
194.669 -149.374
233.866 -121.743
367.847 -45.1668
396.462 -27.7242
-1e+008 -1e+008
4.924 0.266 0.0174533
354.217 157.708
342.387 170.708
298.85 197.804
218.997 153.343
173.325 128.254
151.247 116.055
71.2834 71.2834
35.2624 51.3071
24.615 45.3355
-116.543 255.731
-228.012 191.325
-233.331 188.949
-229.09 175.788
-213.025 146.41
-208.377 137.921
-182.741 93.1119
-145.896 27.0407
-142.069 19.9659
-131.673 1.14857
-115.661 -27.7674
-112.147 -34.2869
-103.519 -49.376
-99.5437 -56.3185
-97.56 -59.7847
-90.804 -72.2281
-88.2307 -76.6981
-81.9085 -87.8365
-69.175 -110.702
-61.8279 -124.009
-45.4123 -153.31
-42.5257 -158.708
-2.01885 -231.275
2.08419 -238.705
31.0132 -235.566
32.8661 -233.847
67.7971 -215.026
69.4214 -213.656
110.616 -191.591
144.769 -172.529
157.378 -168.767
184.409 -149.331
200.471 -140.371
204.856 -138.178
249.431 -113.672
277.279 -98.1885
316.422 -75.9648
320.226 -73.9307
367.006 -48.3157
-1e+008 -1e+008
4.986 0.016 0.0174533
421.206 22.0745
356.78 136.955
346.986 158.131
324.635 195.06
267.466 177.032
243.6 164.31
190.704 136.028
175.75 127.69
117.686 97.0127
34.7379 52.4832
-167.482 230.521
-210.945 207.296
-218.041 155.528
-192.886 109.13
-190.212 103.277
-184.954 94.2396
-170.433 67.1348
-169.579 65.096
-158.928 45.5719
-140.434 11.0528
-125.226 -17.5995
-90.4822 -82.912
-37.2362 -183.026
-29.429 -196.919
-26.8435 -203.898
73.6669 -208.028
92.3363 -198.017
129.516 -178.263
132.837 -176.281
348.221 -61.4016
-1e+008 -1e+008
5.03 -0.014 0.0174533
401.797 38.6886
383.687 74.581
327.681 177.916
320.249 200.114
287.986 183.467
222.808 150.286
192.08 134.496
159.974 118.374
122.079 98.8574
37.4716 55.5539
-137.91 248.797
-235.664 194.265
-233.718 185.908
-222.93 164.959
-159.058 39.657
-152.393 26.871
-133.792 -9.35623
-92.7335 -89.5521
-87.7711 -99.2077
-79.1995 -115.236
-62.6999 -147.71
-36.7453 -198.261
-21.9014 -227.465
44.6407 -219.418
86.2312 -198.319
173.792 -153.76
200.427 -140.34
222.352 -128.374
-1e+008 -1e+008
4.958 0.094 0.0174533
387.885 54.5136
336.198 156.771
314.201 192.543
243.531 158.151
181.572 127.138
126.921 100.958
46.1249 61.2099
-224.555 209.401
-243.17 200.453
-232.931 185.282
-209.083 135.781
-152.553 21.4393
-145.269 6.34248
-123.043 -38.7958
-64.2494 -159.024
-21.6094 -246.989
195.352 -141.931
210.3 -136.57
213.354 -133.319
263.471 -109.132
-1e+008 -1e+008
4.888 0.586 0.0174533
308.058 185.1
257.52 160.916
210.849 139.558
194.692 131.321
149.837 110.874
105.712 90.2869
83.8576 79.5779
71.8694 74.4229
69.0757 72.7906
51.2632 64.4467
47.3906 62.8895
45.7068 61.7692
31.8614 55.1859
26.1071 52.3622
16.0113 47.8526
10.5399 45.6527
2.18139 41.6263
-46.3252 138.453
-112.47 264.964
-199.525 225.521
-238.666 207.468
-174.868 61.9248
-148.313 3.88412
-113.728 -68.3337
-84.0021 -131.858
-49.4959 -206.166
-45.4639 -213.892
-44.2309 -217.406
15.8463 -226.62
17.7516 -225.552
39.8572 -215.049
74.3512 -198.862
99.8794 -187.846
139.008 -168.632
142.49 -166.833
176.546 -150.784
338.844 -75.1196
388.658 -51.166
-1e+008 -1e+008
4.98 -0.016 0.0174533
395.083 6.8962
367.115 74.6905
275.704 165.659
131.175 100.654
128.082 100.069
108.255 90.8368
71.338 73.8726
62.4338 70.5686
33.2127 57.5264
-189.04 233.448
-219.923 219.925
-222.721 218.868
-240.159 201.518
-210.949 136.993
-206.182 126.349
-186.701 81.1798
-177.082 60.9744
-150.155 1.30979
-122.77 -59.8791
-34.4024 -244.781
0.0002343 -229.793
15.6722 -224.13
110.325 -183.612
211.649 -134.837
254.292 -115.888
270.311 -109.214
276.777 -106.244
293.216 -98.1085
349.874 -74.3665
354.074 -72.0381
368.242 -64.9319
-1e+008 -1e+008
5.02 -0.374 0.0174533
351.613 87.6669
330.12 130.038
327.574 145.845
291.973 168.571
238.732 146.295
51.7969 66.297
-135.577 260.442
-169.12 246.074
-184.253 240.126
-102.826 -118.287
-65.1778 -206.72
3.90831 -223.936
11.5852 -221.055
107.961 -179.677
168.207 -154.133
196.097 -142.472
265.142 -112.546
368.594 -68.3132
-1e+008 -1e+008
4.854 0.218 0.0174533
223.854 137.178
189.095 122.8
180.323 119.353
117.786 93.691
-144.181 260.11
-148.887 257.877
-175.903 246.606
-188.549 241.333
-196.412 238.268
-246.598 218.172
-199.524 103.865
-135.484 -53.3687
-104.313 -131.14
-102.493 -136.014
67.2328 -195.259
248.247 -121.078
253.521 -120.922
394.31 -41.4419
394.085 -24.1028
-1e+008 -1e+008
5.186 -0.242 0.0174533
366.701 9.6024
318.238 135.084
280.464 155.463
209.298 128.258
-215.028 139.642
-184.405 59.9175
-166.177 11.6202
-160.351 -2.79958
-99.7616 -159.651
-75.9285 -220.515
-55.5105 -240.446
284.846 -109.341
307.441 -99.8922
370.905 -75.4625
390.088 -34.1278
-1e+008 -1e+008
4.746 0.246 0.0174533
100.443 85.7862
62.4448 71.8344
-16.2424 43.442
-200.424 243.135
-203.726 103.805
-202.052 100.74
-189.165 65.1348
-122.577 -116.321
-99.4288 -179.373
-74.4163 -243.402
-54.3014 -235.209
-45.0422 -231.719
9.26298 -212.168
21.8072 -207.479
69.2732 -190.329
165.742 -154.558
189.967 -145.765
287.766 -110.462
325.782 -96.4997
357.555 -85.8399
389.821 -65.2332
-1e+008 -1e+008
5.362 0.18 0.0174533
273.19 145.258
190.164 116.533
158.515 104.919
125.023 94.2118
73.8304 76.4536
15.6088 56.2834
-221.144 149.164
-210.669 119.191
-207.158 110.148
-184.686 44.3398
-158.981 -29.4649
-147.743 -61.1969
-125.326 -127.534
-116.714 -152.105
186.702 -148.51
379.646 -80.6945
385.22 -67.9257
-1e+008 -1e+008
4.834 -0.15 0.0174533
230.08 127.535
205.738 118.783
181.81 111.413
75.4998 76.8292
6.66246 54.2599
-16.568 46.7859
-223.51 243.919
-240.687 205.568
-231.188 177.398
-230.148 173.429
-184.492 34.1941
-95.5771 -236.564
257.141 -125.416
317.05 -106.083
-1e+008 -1e+008
4.966 0.158 0.0174533
315.005 102.351
307.27 124.145
251.338 130.838
156.056 101.344
-8.94038 50.7032
-211.043 251.51
-237.303 195.616
-174.904 -7.63721
-142.252 -113.151
-60.5651 -226.032
-32.464 -217.228
19.3232 -200.684
53.0104 -191.145
164.449 -156.056
259.919 -126.771
-1e+008 -1e+008
5.138 0.442 0.0174533
326.623 28.5759
300.609 140.176
259.107 129.186
245.481 125.079
187.465 108.233
156.833 99.9135
146.223 96.7827
141.862 95.6869
136.432 93.7669
128.351 91.5519
94.2587 81.9378
64.7466 73.1828
53.1451 69.2601
44.4991 67.2309
26.3798 62.1468
18.8443 59.7658
-17.1055 49.6779
-253.548 240.611
-240.499 205.407
-201.291 69.3102
-160.439 -71.4316
-153.221 -97.6116
-126.056 -190.449
-117.516 -221.018
-104.404 -234.496
-93.3523 -231.057
22.5141 -197.596
62.43 -186.587
123.196 -169.563
131.992 -165.937
263.556 -128.545
290.792 -120.449
317.349 -112.378
343.826 -105.118
-1e+008 -1e+008
5.216 0.024 0.0174533
308 76.793
282.874 131.906
269.358 128.477
175.009 103.088
109.076 85.2192
85.982 78.788
83.963 78.2969
78.2507 76.8968
53.6193 69.878
-246.89 226.232
-238.426 196.542
-169.65 -56.7645
-163.685 -81.6092
-161.428 -89.4816
-144.57 -149.706
-143.457 -153.84
-142.332 -158.075
-138.061 -173.568
-107.818 -231.219
-86.4222 -225.138
-37.349 -211.821
-25.6186 -208.654
5.24524 -200.299
81.9255 -179.771
136.438 -165.514
166.039 -157.564
208.797 -146.201
225.371 -140.828
231.573 -139.144
-1e+008 -1e+008
4.91 0.14 0.0174533
322.28 14.071
293.452 130.653
247.224 117.92
215.973 110.044
208.187 108.375
98.4554 81.1604
91.4142 79.4652
52.8168 70.0904
14.4155 60.0455
5.56201 57.7617
-0.986908 56.5387
-194.617 22.1731
-184.596 -17.7754
-139.167 -198.75
-53.2762 -213.676
-40.9638 -210.738
-16.0326 -203.716
1.739 -199.17
8.62787 -197.621
38.6292 -189.87
56.6625 -185.338
335.375 -115.48
-1e+008 -1e+008
5.198 0.054 0.0174533
314.825 24.7773
270.936 120.628
217.537 108.46
200.774 104.516
179.408 99.4475
115.706 84.0657
106.729 81.896
99.7172 80.7493
17.0419 61.451
-22.232 52.3757
-237.865 189.207
-231.044 161.778
-226.538 138.824
-197.468 17.2754
-178.184 -66.6212
-177.507 -69.9221
33.4741 -189.843
95.3582 -175.627
336.793 -119.263
-1e+008 -1e+008
4.888 -0.198 0.0174533
184.924 98.3256
-200.069 12.236
-163.482 -157.873
18.4633 -191.753
64.4654 -182.044
170.937 -159.403
-1e+008 -1e+008
5.2 0.476 0.0174533
176.42 93.8041
116.641 81.6727
58.3154 70.7421
35.9054 66.1299
22.4077 63.2781
-27.4358 53.8451
-41.3066 51.01
-227.353 128.631
-214.178 63.4432
-196.301 -27.5885
-188.629 -66.7967
-169.804 -166.864
-63.2131 -206.759
-49.2429 -205.112
67.6384 -180.908
106.175 -173.26
232.738 -148.272
247.053 -145.525
268.449 -142.738
307.028 -18.7783
-1e+008 -1e+008
4.856 -0.114 0.0174533
232.522 101.103
222.132 98.8996
109.392 79.478
-54.7746 50.1914
-220.658 82.5008
-207.646 9.06591
-199.534 -36.981
-196.875 -50.9162
-180.295 -148.625
-170.187 -202.822
-168.899 -208.573
52.6605 -183.65
285.275 -142.234
289.823 -141.356
-1e+008 -1e+008
5.058 0.19 0.0174533
289.902 43.3262
287.839 50.7537
270.66 103.897
140.02 82.478
97.4494 76.1358
-32.6243 55.3853
-235.939 159.143
-199.61 -66.7888
-193.709 -102.996
-192.732 -111.273
-192.66 -115.761
-181.326 -181.325
-179.929 -189.605
-94.2439 -206.797
-55.6252 -200.576
-27.5099 -195.739
-16.97 -193.962
116.549 -172.791
131.405 -171.249
155.558 -166.816
191.802 -160.942
-1e+008 -1e+008
5.024 -0.084 0.0174533
41.0268 66.95
-236.936 153.87
-236.154 147.564
-226.858 84.8189
-197.575 -121.074
-192.162 -164.121
-187.037 -193.681
-29.0223 -194.198
18.0727 -187.696
45.8461 -183.875
113.576 -174.89
277.505 -150.671
282.084 -149.988
296.831 -49.6721
-1e+008 -1e+008
4.978 0.004 0.0174533
269.667 95.4941
174.963 83.4529
151.809 80.7181
106.816 74.7932
50.3643 68.0634
-228.462 74.2325
-216.774 -20.8739
-195.958 -185.957
-194.837 -201.757
19.6206 -186.676
96.1116 -177.015
288.676 -153.493
-1e+008 -1e+008
4.772 0.092 0.0174533
-238.638 135.015
-236.386 117.858
-222.418 -11.6559
-212.09 -108.065
-142.493 -203.5
-35.6313 -192.25
-4.94962 -189.025
81.7394 -179.363
102.556 -177.632
180.855 -168.651
212.957 -166.38
268.408 -161.277
292.439 -158.78
-1e+008 -1e+008
5.052 0.17 0.0174533
233.925 82.8371
226.737 82.5257
165.503 77.1751
110.976 72.0689
33.2645 65.2856
6.04857 62.8147
-3.25374 62.0805
-232.611 49.4438
-216.047 -137.636
-84.8575 -195.161
76.5938 -180.446
143.74 -174.372
280.433 -110.466
-1e+008 -1e+008
4.95 -0.028 0.0174533
154.933 73.8994
130.158 72.1479
126.849 71.7678
101.307 69.6261
58.1157 66.8544
-242.424 131.627
-233.612 10.1996
-231.432 -22.2853
-193.699 -200.58
-54.7505 -190.94
16.2401 -185.615
27.593 -184.632
57.5915 -182.658
111.647 -178.675
174.123 -174.122
275.055 -155.62
-1e+008 -1e+008
5.178 0.086 0.0174533
262.838 0
241.309 76.0847
232.914 75.6782
189.113 72.5935
59.6249 66.2201
19.5832 64.0537
-47.1167 60.3068
-244.171 121.739
-242.46 76.4472
-240.334 51.0853
-234.561 -73.9579
-233.546 -85.0043
-93.2645 -191.219
-19.7161 -187.588
80.9039 -181.712
84.6248 -181.479
121.224 -179.723
159.936 -177.626
195.37 -175.911
-1e+008 -1e+008
4.838 -0.026 0.0174533
-34.9563 61.7848
-235.436 -194.079
-196.543 -193.141
-141.657 -191.437
35.9228 -184.802
141.059 -180.549
146.495 -180.905
173.377 -179.539
-1e+008 -1e+008
5.036 0.204 0.0174533
220.973 67.5583
155.899 66.175
148.197 65.9816
123.169 65.4899
112.395 64.8915
105.59 64.7057
100.058 64.9782
35.3358 63.7474
-6.60913 62.8793
-22.7734 62.5699
-42.6961 62.1238
-246.235 -47.8636
-246.278 -54.5989
-245.176 -99.0588
-196.639 -189.893
170.62 -182.967
205.569 -181.873
-1e+008 -1e+008
5.116 0.134 0.0174533
201.208 63.4406
187.953 62.8882
182.929 62.9874
164.916 63.3053
161.214 63.5041
-29.424 63.0996
-54.7789 63.0161
-88.3225 63
-252.21 55.9126
-252.156 51.3017
-252.653 22.1033
-252.154 -8.80561
-251.816 -79.3986
-140.192 -186.043
-14.6093 -185.631
63.9039 -185.591
187.119 -187.118
189.214 -185.941
246.517 -75.3677
-1e+008 -1e+008
4.828 0.274 0.0174533
206.554 59.2285
154.224 60.7505
69.8105 61.7632
56.9269 62.1248
52.917 61.9579
15.6106 62.6105
1.64797 62.9422
-12.2869 63.2115
-19.9992 63.4291
-65.9628 63.6993
-68.6555 64.0225
-107.28 64.4602
-255.105 129.984
-256.204 103.513
-206.292 -182.51
-112.815 -184.097
-72.7166 -184.6
-8.106 -185.676
0.0001893 -185.658
3.24318 -185.826
41.3619 -186.567
64.459 -187.203
166.726 -188.449
195.716 -189.001
221.691 -189.341
-1e+008 -1e+008
5.068 0.002 0.0174533
81.9938 59.5721
28.8325 61.8309
17.8495 62.2479
-83.8059 65.476
-87.9124 65.0514
-105.865 66.1517
-257.873 128.571
-265.518 -78.6496
-267.293 -160.604
-196.136 -179.726
-180.479 -183.658
-162.683 -180.677
-85.3784 -183.096
-19.5044 -185.574
64.7542 -188.061
133.887 -191.212
149.236 -194.487
152.276 -191.438
161.021 -191.898
167.302 -192.46
169.615 -191.716
207.376 -193.383
-1e+008 -1e+008
4.652 0.194 0.0174533
230.889 51.1869
118.603 56.5709
105.381 57.2171
70.5544 59.2022
54.0298 60.0061
43.1753 60.5296
-62.5611 65.9263
-94.7011 67.5498
-264.591 53.8317
-275.385 -66.1135
-100.539 -181.376
-96.62 -181.717
45.4337 -189.244
65.3917 -189.912
91.1435 -191.085
130.233 -193.079
140.565 -193.47
222.277 -170.558
225.787 -71.1909
227.393 -60.9287
-1e+008 -1e+008
5.308 -0.088 0.0174533
158.45 51.4834
-13.4823 63.428
-54.2583 65.8208
-107.293 69.6772
-263.037 145.803
-263.661 131.457
-256.025 -169.46
-239.251 -170.655
-169.437 -175.456
-131.844 -178.176
-122.711 -178.546
-82.6556 -181.37
8.22389 -188.368
65.937 -191.496
75.7714 -192.36
114.809 -194.91
166.247 -198.125
217.127 -127.898
-1e+008 -1e+008
4.906 0.136 0.0174533
175.582 47.047
170.945 47.4073
160.606 47.5737
147.94 49.5002
114.733 52.2871
59.079 57.052
20.2073 60.3932
8.62148 61.345
-22.6636 63.999
-51.7826 66.2789
-120.363 72.3217
-267.75 119.211
-278.417 -7.28987
-291.204 -94.6174
-292.079 -158.586
-223.748 -168.605
-202.897 -170.249
-68.0278 -181.951
4.92349 -188.013
26.6761 -189.804
80.8423 -195.169
102.273 -196.466
189.993 -203.743
-1e+008 -1e+008
4.614 0.166 0.0174533
212.493 39.3834
174.873 43.6008
161.998 44.926
100.019 50.9623
80.3335 53.1715
21.5819 59.2958
-11.0623 62.7372
-42.0974 66.0795
-297.24 -82.4325
-303.857 -148.202
-176.716 -170.654
-104.616 -177.601
-100.927 -178.388
-73.0919 -180.911
-57.5274 -182.456
42.8181 -193.136
90.0282 -197.551
166.456 -205.555
-1e+008 -1e+008
4.726 0.238 0.0174533
205.462 36.2286
100.103 48.8236
66.4865 52.8857
48.8657 55.2327
40.7269 56.0558
-4.86129 61.7655
-274.844 158.683
-301.783 -61.3999
-307.516 -108.897
-273.371 -157.83
-139.625 -172.422
-50.7825 -183.114
-34.3855 -185.528
18.4593 -191.711
30.5713 -193.018
54.3827 -196.094
122.767 -204.319
153.761 -207.798
-1e+008 -1e+008
5.004 0.064 0.0174533
187.618 34.773
181.662 35.3115
172.084 36.5776
56.6514 52.8283
19.3424 57.8084
3.68089 60.1822
-54.8713 67.761
-278.177 157.385
-279.981 145.748
-285.237 65.8521
-296.21 25.9138
-299.832 0.000795631
-314.32 -108.231
-319.521 -142.259
-304.672 -148.599
-284.295 -151.16
-234.238 -157.994
-231.203 -158.901
-213.472 -160.861
-186.336 -164.854
-96.2515 -177.273
-13.2163 -189.014
86.0642 -202.757
-1e+008 -1e+008
4.818 0.198 0.0174533
188.787 29.901
133.933 38.4046
119.833 41.2619
70.9626 48.7713
64.9396 49.8299
49.5995 52.2669
35.9279 54.2811
17.9914 57.0607
-16.8006 62.6996
-68.1075 70.5275
-81.9731 72.5238
-293.122 78.5427
-308.643 -18.8777
-319.111 -85.5049
-323.17 -111.278
-279.447 -148.583
-69.4495 -180.922
-59.4344 -182.921
-44.3534 -184.745
20.5174 -195.208
-1e+008 -1e+008
5.176 0.044 0.0174533
152.199 32.3509
135.983 35.1677
97.2817 42.2993
19.6991 55.6291
-107.029 77.7615
-109.791 78.3131
-115.003 79.0402
-286.364 145.911
-288.804 131.614
-298.774 74.4916
-313.183 -8.20016
-314.603 -16.4869
-318.465 -39.104
-330.604 -110.619
-331.717 -117.466
-322.788 -137.016
-313.027 -139.368
-186.62 -162.227
-160.02 -165.704
-141.347 -168.451
75.1118 -206.371
107.918 -211.799
-1e+008 -1e+008
4.998 0.202 0.0174533
196.357 17.179
77.1993 43.6772
19.8642 54.5765
-47.0709 67.2244
-86.0446 74.7971
-96.9792 77.1409
-285.594 164.889
-287.748 156.236
-290.43 141.651
-298.017 102.616
-311.621 32.7536
-315.516 8.26293
-316.358 2.75955
-321.163 -19.6434
-324.366 -36.9572
-326.144 -45.8368
-332.907 -83.0036
-342.218 -127.952
-180.879 -160.027
-128.682 -170.768
-101.333 -175.513
-57.9056 -183.656
-24.9917 -189.832
-16.7454 -191.395
-6.76315 -193.658
10.3117 -196.754
13.8876 -198.608
37.4544 -202.084
132.706 -220.86
141.861 -222.678
144.637 -222.72
-1e+008 -1e+008
5.254 -0.052 0.0174533
188.103 18.1123
177.689 20.2451
123.115 31.8399
100.375 36.5336
93.3044 37.6974
83.2869 39.7258
65.1762 43.9619
49.9333 46.5636
-286.397 149.088
-292.729 149.154
-298.462 120.587
-309.477 68.6083
-327.615 -17.1688
-337.831 -65.6681
-339.259 -72.1109
-192.778 -156.108
-132.184 -169.187
-116.119 -172.155
66.3606 -210.47
81.9803 -213.565
106.863 -219.104
118.325 -222.537
-1e+008 -1e+008
4.666 0.084 0.0174533
39.9686 47.6327
-49.4695 68.0896
-61.4763 70.7206
-143.083 89.4076
-297.824 142.056
-303.633 116.555
-307.41 96.9259
-311.343 83.4251
-316.627 58.6843
-320.478 36.5126
-323.213 31.1217
-339.644 -41.7045
-341.301 -47.967
-337.297 -56.4445
-296.084 -131.824
-286.58 -133.633
-232.305 -145.161
-80.1869 -180.103
17.7217 -202.549
111.573 -223.781
-1e+008 -1e+008
5.27 0.056 0.0174533
120.508 25.6148
88.4016 33.9342
54.1964 42.3429
-8.08369 57.5195
-89.3072 77.6332
-112.113 82.9591
-356.387 -112.37
-339.531 -116.912
-285.392 -130.061
-281.613 -131.317
-268.683 -133.959
-253.571 -137.678
-149.974 -163.666
-117.706 -171.262
-80.5501 -180.919
-77.0391 -181.491
1.75276 -200.746
19.8371 -206.021
82.5092 -220.682
128.563 -213.965
144.703 -142.2
-1e+008 -1e+008
4.884 0.302 0.0174533
120.881 22.4041
-16.8491 58.7594
-42.7731 65.8655
-48.1056 67.4413
-77.7392 75.0716
-83.8986 76.8786
-298.078 168.644
-308.092 130.776
-319.56 88.6208
-323.56 74.6997
-326.862 60.5814
-360.67 -106.834
-332.775 -114.585
-316.955 -118.506
-258.751 -134.698
-230.859 -141.47
-193.411 -151.11
-186.213 -153.503
-63.8966 -185.571
-57.984 -189.655
67.5672 -221.006
-1e+008 -1e+008
5.044 0.06 0.0174533
133.912 15.2572
120.339 19.0599
96.2672 25.7947
86.457 28.9281
43.7103 40.7605
-37.7528 64.0917
-321.292 77.1365
-345.396 15.0801
-369.957 -71.9127
-347.298 -106.18
-326.017 -112.258
-213.717 -144.152
-185.298 -152.749
-173.813 -156.501
-119.916 -171.256
-74.3798 -184.098
14.6609 -209.667
80.6785 -227.828
-1e+008 -1e+008
5.072 0.086 0.0174533
149.203 6.51433
133.459 11.6762
55.1295 35.1213
27.4364 43.9073
-102.88 83.3111
-151.01 98.0678
-331.433 82.6343
-346.27 33.3419
-349.829 18.3347
-361.153 -15.7698
-381.288 -81.0444
-367.877 -98.5715
-310.923 -113.167
-248.388 -132.069
-243.573 -135.016
-189.17 -150.471
-152.955 -161.181
-138.933 -165.575
-78.0527 -183.879
-38.1108 -196.06
18.7224 -213.987
160.631 -28.324
-1e+008 -1e+008
